64
0 9
9 7
16 5
21 4
25 8
33 3
36 8
44 5
49 7
56 5
61 4
65 7
72 11
83 6
89 7
96 7
103 4
107 9
116 4
120 3
123 7
130 6
136 5
141 6
147 6
153 8
161 4
165 5
170 5
175 4
179 7
186 3
189 4
193 8
201 8
209 3
212 6
218 7
225 4
229 9
238 9
247 3
250 6
256 3
259 8
267 5
272 5
277 6
283 5
288 6
294 6
300 3
303 9
312 3
315 5
320 6
326 8
334 6
340 4
344 3
347 4
351 5
356 9
365 9

17

374
0 4
0 4
13 10
22 5
4 1
6 10
23 5
33 10
57 9
15 1
45 9
62 5
25 1
34 9
47 4
56 5
58 3
44 6
37 8
49 8
62 3
9 5
17 4
12 10
59 10
6 7
11 10
20 3
0 1
24 4
27 7
35 8
42 10
11 3
20 3
19 4
4 7
6 6
6 6
0 10
14 7
55 8
18 2
25 6
39 4
17 1
62 7
14 9
33 8
14 5
33 3
18 7
22 1
41 8
60 5
62 6
3 5
21 5
43 9
55 10
63 4
63 2
24 3
32 2
45 7
4 10
5 3
62 4
39 8
21 6
16 3
17 2
3 10
55 4
12 4
12 4
26 9
48 5
28 10
32 5
44 4
53 10
63 3
0 10
40 2
14 9
45 9
50 2
61 2
6 7
8 5
13 9
7 9
54 9
15 2
30 2
1 1
61 8
14 2
36 10
40 10
40 7
51 5
11 3
29 4
63 6
22 7
3 4
7 1
48 9
23 1
11 2
21 10
44 1
46 9
55 1
6 2
34 4
8 7
36 8
20 1
5 4
25 9
4 3
5 3
19 1
50 8
52 3
44 8
63 2
9 5
11 6
17 10
30 1
34 5
36 2
0 5
16 7
8 1
24 9
55 6
17 1
40 3
62 8
0 5
30 6
34 1
10 3
22 9
4 4
37 7
37 7
44 4
1 1
19 9
27 5
6 6
31 4
39 9
47 8
49 3
12 9
40 9
30 7
60 10
25 5
4 7
42 3
33 2
53 3
57 1
49 2
56 6
12 10
60 10
16 4
44 5
52 10
63 8
21 1
26 7
14 2
38 2
23 6
31 9
63 3
25 4
61 6
30 9
10 2
12 5
47 2
52 1
8 3
27 2
0 10
7 8
38 9
39 3
40 9
54 5
18 4
23 1
37 6
21 5
1 9
38 8
39 3
48 2
4 8
37 1
62 10
15 10
18 8
21 2
38 8
46 7
57 4
24 7
34 6
35 1
24 7
2 8
46 3
53 7
30 2
34 8
36 8
33 9
7 4
11 8
34 3
25 9
56 8
33 3
41 10
56 10
59 10
13 2
15 10
23 3
26 9
33 9
52 10
48 1
15 7
50 4
8 8
39 10
45 1
27 3
47 5
50 6
4 10
54 5
58 1
9 9
49 3
57 2
2 6
20 8
29 5
17 1
12 4
24 4
49 3
52 1
1 9
41 1
13 9
10 7
56 10
37 3
36 7
60 10
17 9
49 3
32 2
42 5
25 8
51 3
1 4
59 6
12 5
17 9
40 1
63 4
34 2
28 2
43 3
46 3
44 3
25 3
2 8
20 8
42 6
40 4
13 2
63 3
58 6
47 3
15 5
56 9
20 3
29 10
40 10
56 3
32 1
61 9
44 1
58 6
61 5
27 3
37 7
12 10
14 9
33 5
42 5
57 1
55 9
6 8
12 4
9 10
54 9
17 1
22 6
28 6
39 8
45 10
51 9
52 3
57 3
39 10
1 5
28 1
43 2
54 1
56 3
0 9
36 4
2 3
50 6
42 1
52 6
47 6
39 10
3 10
46 10
28 10
8 5
26 10
15 8
31 6
52 9
52 5
13 2
1 5
7 7
11 4
23 8
62 4
62 4
8 6
2 3
35 10
10 2
16 6
29 8
48 4
50 3
30 3
20 2
9 4
12 3
