64
0 8
8 7
15 7
22 5
27 6
33 8
41 9
50 6
56 3
59 6
65 4
69 6
75 4
79 7
86 8
94 7
101 5
106 5
111 4
115 4
119 4
123 3
126 8
134 5
139 4
143 9
152 7
159 4
163 3
166 7
173 8
181 9
190 6
196 5
201 8
209 5
214 8
222 7
229 4
233 8
241 8
249 6
255 4
259 4
263 7
270 7
277 6
283 8
291 6
297 6
303 5
308 6
314 7
321 8
329 7
336 7
343 6
349 6
355 8
363 12
375 4
379 4
383 6
389 3

28

392
0 9
0 9
13 8
22 10
19 3
3 5
53 7
61 4
40 7
47 6
22 4
25 3
27 8
29 5
51 4
62 5
49 9
37 9
34 10
6 7
47 8
59 2
0 5
53 7
15 2
20 5
23 3
36 10
14 10
59 10
50 2
45 2
51 6
35 1
11 7
9 3
12 7
50 4
51 7
55 5
56 6
17 7
15 2
41 10
2 7
10 5
14 9
47 7
58 3
61 7
35 4
62 4
9 3
45 3
46 10
51 1
13 3
47 5
13 10
5 3
7 3
46 10
47 7
54 5
55 10
6 5
23 8
24 6
37 8
5 7
45 5
22 9
38 4
31 9
36 10
13 5
33 9
5 7
54 4
0 8
8 3
12 5
59 2
55 4
8 10
32 3
4 10
36 2
47 1
6 9
19 10
24 6
43 4
44 1
6 2
34 5
3 2
28 7
37 2
41 7
54 8
25 5
62 7
25 8
35 5
59 4
6 7
59 9
52 1
45 4
29 7
39 10
42 6
30 2
62 7
0 3
14 10
60 9
34 7
3 5
59 3
22 5
50 1
58 4
30 7
48 3
0 10
11 9
20 5
41 2
52 2
1 4
31 8
57 10
10 8
59 2
3 3
32 8
58 9
14 6
10 6
42 2
52 9
16 5
16 8
1 3
31 2
47 8
37 6
27 3
40 7
52 3
39 10
34 9
32 7
63 1
43 3
53 2
58 9
1 8
45 1
25 3
42 8
15 7
29 9
54 8
28 9
31 2
62 5
17 7
1 5
35 9
40 9
21 7
18 2
57 7
30 10
30 10
59 9
52 4
63 2
11 9
25 2
29 2
22 8
41 9
55 8
38 3
52 6
60 6
26 7
58 8
13 3
56 1
23 8
53 2
12 9
44 8
33 8
33 8
49 8
2 10
15 5
26 9
19 7
36 8
36 3
47 9
60 8
5 1
7 4
16 5
29 9
57 5
4 10
14 2
34 8
34 3
38 4
48 8
11 10
43 4
2 9
25 6
15 2
10 8
53 5
56 8
61 8
11 4
36 4
60 9
31 3
18 10
26 10
44 6
40 3
61 3
40 7
48 10
50 3
1 7
39 3
39 7
46 8
29 9
25 7
56 10
55 9
6 10
22 2
31 9
15 7
58 10
44 9
18 6
27 8
51 4
24 2
49 10
26 3
14 4
36 4
33 8
39 6
14 1
46 3
41 9
58 6
62 1
11 5
17 4
27 1
4 2
7 3
52 2
53 3
40 8
44 3
51 7
7 10
59 9
9 10
1 6
8 5
14 1
25 8
2 8
34 9
6 7
9 7
36 8
56 4
21 3
39 10
57 8
57 10
2 9
43 10
54 8
53 3
56 6
33 8
4 2
20 1
39 3
5 4
55 9
42 4
46 7
5 7
1 4
4 6
7 1
17 1
22 2
45 2
24 9
25 3
30 4
31 6
3 7
37 5
45 3
49 3
26 2
0 7
32 2
54 4
12 4
28 8
49 8
9 5
15 8
58 8
53 4
13 4
31 8
9 10
5 5
50 9
40 9
59 3
32 1
40 10
48 4
49 6
5 6
37 8
30 7
35 5
48 8
48 10
22 10
63 1
21 4
32 8
41 10
54 8
23 9
6 3
44 6
26 9
4 10
13 2
17 9
20 3
23 2
30 9
46 9
59 5
59 5
55 3
16 4
2 2
19 9
38 9
31 6
34 8
39 3
6 7
0 4
37 8
2 5
7 4
16 7
29 5
18 7
44 1
26 1
30 2
57 1
